Windows/System32/taskmgr.exe.rc:
    DIALOG/110
        "Паказваць працэсы ўсіх карыстальнікаў", 2040
        10, 144, 120, 14 -> 10, 144, 160, 14 

        "Паказваць працэсы ўсіх карыстальнікаў", 1008
        10, 144, 120, 10 -> 10, 144, 160, 10

    DIALOG/112
        "Скончыць задачу", 1050
        224, 152, 53, 14 -> 191, 152, 65, 14

        "Пераключыцца", 1048
        280, 152, 53, 14 -> 262, 152, 61, 14
        
        "Новая задача...", 40001
        336, 152, 53, 14 -> 328, 152, 61, 14
        
    DIALOG/3000
        "Даслаць паведамленне...", 3210
        320, 144, 66, 14 -> 280, 144, 106, 14 
        "Выйсці", 3215
        263, 144, 52, 14 -> 223, 144, 52, 14
        "Адлучыць", 3212
        203, 144, 55, 14 -> 163, 144, 55, 14
                        